 A55:    200000000000.00000     
 A66:    200000000000.00000     
 A55:    200000000000.00000     
 A66:    200000000000.00000     
 D22:    208000.00000000000     
      0.159744E+09      0.199680E+08     -0.159744E+09      0.199680E+08
      0.199680E+08      0.332800E+07     -0.199680E+08      0.166400E+07
     -0.159744E+09     -0.199680E+08      0.159744E+09     -0.199680E+08
      0.199680E+08      0.166400E+07     -0.199680E+08      0.332800E+07
 A55:    200000000000.00000     
 A66:    200000000000.00000     
 A55:    200000000000.00000     
 A66:    200000000000.00000     
 D22:    207999.99999999997     
      0.635050E+08      0.107958E+08     -0.635050E+08      0.107958E+08
      0.107958E+08      0.244706E+07     -0.107958E+08      0.122353E+07
     -0.635050E+08     -0.107958E+08      0.635050E+08     -0.107958E+08
      0.107958E+08      0.122353E+07     -0.107958E+08      0.244706E+07
 A55:    200000000000.00000     
 A66:    200000000000.00000     
 A55:    200000000000.00000     
 A66:    200000000000.00000     
 D22:    208312.49999999997     
      0.610291E+09      0.488232E+08     -0.610291E+09      0.488232E+08
      0.488232E+08      0.520781E+07     -0.488232E+08      0.260391E+07
     -0.610291E+09     -0.488232E+08      0.610291E+09     -0.488232E+08
      0.488232E+08      0.260391E+07     -0.488232E+08      0.520781E+07
